sample  backscattering ratio (bbp/bp)
Arizona dust  0.0201352
C. autotrophica  0.0073562
C. closterium  0.0113045
D. salina  0.0871129
K. mikimotoi  0.0256559
S. cf. costatum  0.0150452
Beads_3µm  0.0668728
Beads_300nm  0.0337081
Formazin(2ntu)  0.0557714
Formazin(4ntu)  0.0561283
"Angle(deg)"  "pf_Arizona dust"  "pf_C. autotrophica"  "pf_C. closterium"  "pf_D. salina"  "pf_K. mikimotoi"  "pf_S. cf. costatum"  "pf_Beads_3µm"  "pf_Beads_300nm"  "pf_Formazin(2ntu)"  "pf_Formazin(4ntu)"  "pf_std_Arizona dust"  "pf_std_C. autotrophica"  "pf_std_C. closterium"  "pf_std_D. salina"  "pf_std_K. mikimotoi"  "pf_std_S. cf. costatum"  "pf_std_Beads_3µm"  "pf_std_Beads_300nm"  "pf_std_Formazin(2ntu)"  "pf_std_Formazin(4ntu)"
  0.10  6.2578e+02          NA  6.1583e+02  797.649861  1.5798e+03  1.9509e+03  32.1977286         NA  65.7040804  85.9993346  4.4581e+02          NA  4.8124e+01  1.8877e+02  4.3622e+02  2.0125e+02  2.3821e+01          NA  28.709533  25.977656
  0.15  4.1528e+02          NA  6.1638e+02  771.607725  1.7191e+03  1.7195e+03  23.9703890         NA  30.9480603  73.5454814  2.5863e+02          NA  2.9645e+01  1.0322e+02  2.1211e+02  1.1651e+02  1.8118e+01          NA  12.743821  19.266964
  0.20  2.0686e+02          NA  6.5271e+02  886.698127  1.7180e+03  1.3912e+03  29.9194955         NA  52.2883569  92.0287075  1.0759e+02          NA  2.7664e+01  1.0359e+02  1.4669e+02  1.0536e+02  1.1801e+01          NA  11.412482  20.586467
  0.30  1.1581e+02          NA  5.7982e+02  736.720595  1.4972e+03  1.1000e+03  34.1023800         NA  42.0594548  80.0783572  4.3754e+01          NA  2.1240e+01  3.2874e+01  6.2048e+01  6.0787e+01  5.6093e+00          NA   2.699384  17.179967
  0.40  8.5075e+01  5.2071e+01  5.4240e+02  696.656745  1.2458e+03  8.3897e+02  31.3453975         NA  37.3912172  76.6222166  2.0022e+01  1.33169550  1.9949e+01  1.9917e+01  4.7211e+01  5.6891e+01  3.3690e+00          NA   1.764972  17.212459
  0.50  7.1195e+01  5.1102e+01  5.0176e+02  630.840384  9.6389e+02  6.8444e+02  30.6692600         NA  37.6336888  74.7028050  1.1968e+01  0.94395573  1.9295e+01  1.2844e+01  3.3447e+01  4.7941e+01  1.9476e+00          NA   1.286631  16.388824
  0.75  5.9188e+01  4.9426e+01  3.6543e+02  502.960861  4.3258e+02  4.2779e+02  29.6682938  0.7219191  34.4114198  68.5028618  5.9255e+00  0.53393639  1.5536e+01  8.2885e+00  1.4227e+01  3.2464e+01  9.7621e-01  3.1497e-01   0.932923  13.914208
  1.00  4.9657e+01  4.6096e+01  2.6720e+02  375.788063  1.5487e+02  2.8380e+02  28.2077896  0.6824483  31.3952341  59.3025555  2.7721e+00  0.34499573  1.4181e+01  6.3156e+00  4.9826e+00  2.3416e+01  4.5593e-01  1.2313e-01   0.734805  10.764687
  1.25  4.7155e+01  4.5463e+01  2.0074e+02  281.357578  8.3020e+01  2.1543e+02  27.8012975  0.6477158  30.2224079  53.8130596  2.3413e+00  0.31649703  1.2991e+01  4.6390e+00  2.7149e+00  1.6917e+01  2.8690e-01  1.0928e-01   0.649968   8.400259
  1.50  4.4039e+01  4.3967e+01  1.4967e+02  191.051671  6.2566e+01  1.6644e+02  27.1082817  0.5833754  28.9282941  47.7518127  2.0180e+00  0.28265526  1.1107e+01  3.1881e+00  2.0013e+00  1.1680e+01  2.1128e-01  8.4250e-02   0.569308   6.079235
  1.75  4.1235e+01  4.2162e+01  1.2560e+02  120.102966  5.1375e+01  1.3250e+02  26.2983324  0.5622462  27.5044624  42.2280797  1.8638e+00  0.26873526  9.7444e+00  1.9879e+00  1.6182e+00  8.9022e+00  1.7571e-01  5.5627e-02   0.485594   4.404104
  2.00  3.8214e+01  4.0200e+01  1.0367e+02   70.788901  4.0455e+01  1.0601e+02  25.4683820  0.5589467  26.0058385  37.0203133  1.6959e+00  0.24845509  8.3184e+00  1.1596e+00  1.2621e+00  6.5375e+00  1.5914e-01  4.2538e-02   0.435288   3.066408
  2.25  3.5319e+01  3.8262e+01  8.2495e+01   39.226199  3.2181e+01  8.5340e+01  24.6950074  0.5598977  24.5882385  32.4486045  1.5351e+00  0.22496198  6.8417e+00  6.3749e-01  1.0006e+00  4.3283e+00  1.4373e-01  3.4889e-02   0.405043   2.006698
  2.50  3.3176e+01  3.6542e+01  7.6167e+01   23.822629  2.7631e+01  7.3418e+01  24.0357980  0.5599888  23.4039951  29.1089680  1.4656e+00  0.22038258  6.1409e+00  4.1583e-01  8.5727e-01  3.3834e+00  1.3386e-01  2.3131e-02   0.370579   1.418504
  2.75  2.7297e+01  3.3604e+01  5.9948e+01   21.997424  2.1976e+01  5.6972e+01  23.1656667  0.6124258  19.7560885  23.6409374  5.4176e+00  1.16697114  1.1509e+01  5.4288e+00  3.3015e+00  1.1905e+01  4.1616e-01  9.9506e-02   3.260184   3.980324
  3.00  2.0158e+01  3.0254e+01  4.0389e+01   24.756200  1.5946e+01  3.8997e+01  22.2243294  0.6825343  15.2764627  17.4543725  1.0727e+01  2.43466879  1.8926e+01  1.2209e+01  6.6192e+00  2.3621e+01  7.9709e-01  2.0563e-01   7.136939   7.605570
  3.25  1.8533e+01  2.8264e+01  3.6111e+01   23.003573  1.4522e+01  3.4402e+01  20.4950299  0.6623165  14.3758708  15.9987089  9.9067e+00  2.57484943  1.6259e+01  8.7416e+00  5.7602e+00  2.0187e+01  1.3472e+00  1.8002e-01   6.738387   6.713362
  3.50  1.6965e+01  2.6301e+01  3.2230e+01   21.390726  1.3180e+01  2.9924e+01  18.7839046  0.6422656  13.5031478  14.6122878  9.1750e+00  2.75555011  1.4193e+01  5.0820e+00  5.0209e+00  1.6969e+01  2.0525e+00  1.5425e-01   6.379713   5.942389
  3.75  1.5328e+01  2.4159e+01  2.8228e+01   18.630197  1.1932e+01  2.5874e+01  16.8833622  0.6245966  12.5379732  13.2823485  8.3055e+00  2.67995100  1.2120e+01  2.9981e+00  4.4284e+00  1.4339e+01  2.8947e+00  1.2594e-01   5.884823   5.280294
  4.00  1.3666e+01  2.1956e+01  2.4185e+01   15.471435  1.0716e+01  2.1973e+01  14.9170940  0.6077540  11.5407189  11.9720079  7.3882e+00  2.51541844  1.0046e+01  1.4610e+00  3.8867e+00  1.1913e+01  3.7844e+00  9.6763e-02   5.342667   4.655979
  4.25  1.2300e+01  1.9819e+01  2.0376e+01   13.597265  9.5822e+00  1.8323e+01  13.7745464  0.5912557  10.5890803  10.7273734  6.2983e+00  2.44496475  8.3082e+00  1.6323e+00  3.4656e+00  9.8394e+00  3.6059e+00  6.7093e-02   4.867311   4.120610
  4.50  1.1271e+01  1.7954e+01  1.7545e+01   11.886365  8.7857e+00  1.5720e+01  12.7735148  0.5761912   9.8274328   9.7564074  5.7542e+00  2.76635339  7.9743e+00  1.5834e+00  3.5464e+00  9.2365e+00  3.6302e+00  3.5382e-02   4.670178   3.955707
  4.75  1.0243e+01  1.6537e+01  1.5655e+01   10.175465  8.2610e+00  1.3984e+01  11.7724832  0.5778613   9.1906560   9.0012909  5.2102e+00  2.45542996  6.3092e+00  1.5346e+00  3.2428e+00  7.4082e+00  3.6544e+00  2.7337e-02   4.296451   3.485546
  5.00  9.2450e+00  1.5126e+01  1.3905e+01    8.561499  7.7435e+00  1.2379e+01  10.7490308  0.5790149   8.5624957   8.2724200  4.7000e+00  2.15319426  4.8860e+00  1.3517e+00  2.9498e+00  5.7918e+00  3.6466e+00  2.0118e-02   3.928353   3.048450
  5.25  8.4930e+00  1.3740e+01  1.2723e+01    7.766091  7.2552e+00  1.1308e+01   9.7840533  0.5780726   7.9693078   7.6500737  4.1528e+00  1.88621991  4.4442e+00  1.2260e+00  2.6998e+00  5.0350e+00  3.2974e+00  1.6253e-02   3.583102   2.745555
  5.50  7.7410e+00  1.2354e+01  1.1541e+01    6.970683  6.7669e+00  1.0238e+01   8.8190758  0.5771303   7.3761199   7.0277274  3.6057e+00  1.61924556  4.0025e+00  1.1003e+00  2.4499e+00  4.2782e+00  2.9483e+00  1.2387e-02   3.237850   2.442660
  5.75  6.9890e+00  1.0967e+01  1.0359e+01    6.175275  6.2786e+00  9.1668e+00   7.8540983  0.5761880   6.7829321   6.4053811  3.0585e+00  1.35227121  3.5607e+00  9.7454e-01  2.1999e+00  3.5214e+00  2.5991e+00  8.5222e-03   2.892599   2.139765
  6.00  6.3977e+00  9.7996e+00  9.3326e+00    5.464371  5.8674e+00  8.3895e+00   6.9945071  0.5746542   6.2714264   5.8765305  2.7710e+00  1.39588042  3.3313e+00  7.3301e-01  2.0659e+00  3.2138e+00  2.4001e+00  5.5990e-03   2.669580   1.981040
  6.25  5.9576e+00  9.0545e+00  8.6241e+00    4.976826  5.5656e+00  7.8625e+00   6.2774370  0.5759632   5.8636184   5.4860792  2.4971e+00  1.13122268  2.8553e+00  6.9739e-01  1.8825e+00  2.9559e+00  2.1395e+00  7.5271e-03   2.411013   1.755749
  6.50  5.5175e+00  8.3093e+00  7.9157e+00    4.489281  5.2638e+00  7.3356e+00   5.5603669  0.5772721   5.4558103   5.0956279  2.2232e+00  0.86656493  2.3793e+00  6.6177e-01  1.6991e+00  2.6980e+00  1.8788e+00  9.4551e-03   2.152446   1.530459
  6.75  5.0774e+00  7.5642e+00  7.2072e+00    4.001735  4.9619e+00  6.8086e+00   4.8432967  0.5785811   5.0480022   4.7051767  1.9493e+00  0.60190719  1.9033e+00  6.2615e-01  1.5157e+00  2.4401e+00  1.6181e+00  1.1383e-02   1.893879   1.305168
  7.00  4.7117e+00  6.9255e+00  6.6543e+00    3.584505  4.7033e+00  6.3284e+00   4.2195197  0.5794939   4.6992465   4.3759354  1.7806e+00  0.48915585  1.6903e+00  4.9391e-01  1.3927e+00  2.2473e+00  1.4908e+00  1.3887e-02   1.719483   1.170977
  7.25  4.4411e+00  6.3694e+00  6.2219e+00    3.359552  4.4781e+00  5.8845e+00   3.7494569  0.5800998   4.3962387   4.0941137  1.6403e+00  0.49408685  1.6809e+00  4.8170e-01  1.3164e+00  2.1051e+00  1.3517e+00  1.6837e-02   1.610294   1.107361
  7.50  4.1705e+00  5.8132e+00  5.7896e+00    3.134599  4.2528e+00  5.4405e+00   3.2793941  0.5807057   4.0932309   3.8122919  1.5000e+00  0.49901785  1.6716e+00  4.6950e-01  1.2401e+00  1.9628e+00  1.2127e+00  1.9786e-02   1.501104   1.043746
  7.75  3.8999e+00  5.4131e+00  5.4283e+00    2.909646  4.0507e+00  5.0487e+00   2.8093314  0.5784086   3.8285356   3.5766152  1.3597e+00  0.30133205  1.5617e+00  4.5729e-01  1.1312e+00  1.7467e+00  1.0736e+00  1.8630e-02   1.337733   0.914871
  8.00  3.6293e+00  5.0129e+00  5.0670e+00    2.684693  3.8486e+00  4.6570e+00   2.3392686  0.5761115   3.5638403   3.3409385  1.2194e+00  0.10364624  1.4519e+00  4.4509e-01  1.0223e+00  1.5305e+00  9.3448e-01  1.7474e-02   1.174362   0.785997
  9.00  2.9342e+00  3.9375e+00  3.7099e+00    1.979890  3.1791e+00  3.4460e+00   1.2779498  0.5671616   2.7406616   2.5957211  9.1013e-01  0.10338465  1.0735e+00  2.2146e-01  7.9657e-01  1.1647e+00  6.4699e-01  1.2803e-02   0.874804   0.590241
 10.00  2.4093e+00  3.2088e+00  2.8136e+00    1.576924  2.6477e+00  2.6640e+00   0.6537889  0.5609479   2.1699413   2.0824033  6.8169e-01  0.24767237  7.1120e-01  2.0766e-01  6.1699e-01  7.4571e-01  4.1607e-01  9.8798e-03   0.608411   0.390878
 11.00  2.0013e+00  2.5981e+00  2.1741e+00    1.250511  2.2045e+00  2.0723e+00   0.3571672  0.5561379   1.7369061   1.6851657  5.1745e-01  0.26215784  5.4368e-01  1.4248e-01  4.9546e-01  4.7306e-01  2.1692e-01  7.1580e-03   0.441189   0.270091
 12.00  1.7009e+00  2.0770e+00  1.7213e+00    1.089668  1.8506e+00  1.6930e+00   0.3237346  0.5498577   1.4279315   1.3973927  4.4255e-01  0.18771599  4.6060e-01  1.9048e-01  4.3293e-01  3.9826e-01  1.5983e-01  8.5144e-03   0.359295   0.221998
 13.00  1.4399e+00  1.6200e+00  1.3519e+00    0.913673  1.5759e+00  1.3819e+00   0.3825497  0.5420549   1.1718605   1.1591062  3.4221e-01  0.17283266  3.0847e-01  1.9844e-01  2.8645e-01  2.8264e-01  3.4961e-02  8.3081e-03   0.238316   0.134706
 14.00  1.2416e+00  1.2696e+00  1.0994e+00    0.804312  1.3649e+00  1.1582e+00   0.5743171  0.5334564   0.9967631   0.9925074  2.9795e-01  0.11771252  2.7314e-01  1.7763e-01  2.3003e-01  2.4509e-01  1.9549e-02  8.0248e-03   0.203579   0.115531
 15.00  1.0565e+00  9.5836e-01  8.6896e-01    0.707962  1.1552e+00  9.5184e-01   0.7459565  0.5244549   0.8339377   0.8395013  2.3512e-01  0.11804405  2.0663e-01  1.7522e-01  1.7180e-01  1.8308e-01  2.4693e-02  7.1716e-03   0.151487   0.077133
 16.00  8.1092e-01  8.2198e-01  6.8428e-01    0.711806  9.5639e-01  7.7863e-01   0.8602477  0.5150712   0.6790798   0.7142160  0.0000e+00  0.04216231  6.9208e-02  1.6080e-02  5.7943e-02  6.1302e-02  0.0000e+00  2.4455e-03   0.050883   0.025545
 17.00  7.0574e-01  6.9233e-01  5.4854e-01    0.613920  7.9878e-01  6.4627e-01   0.7905300  0.5045084   0.5636083   0.6145527  0.0000e+00  0.00000000  0.0000e+00  5.9144e-02  0.0000e+00  0.0000e+00  0.0000e+00  0.0000e+00   0.000000   0.000000
 18.00  6.1315e-01  5.6350e-01  4.6128e-01    0.538132  6.8244e-01  5.5467e-01   0.5995014  0.4927614   0.4880671   0.5399100  0.0000e+00  0.00000000  0.0000e+00  8.6777e-02  0.0000e+00  0.0000e+00  0.0000e+00  0.0000e+00   0.000000   0.000000
 19.00  5.3459e-01  4.5964e-01  3.9181e-01    0.476820  5.8979e-01  4.8273e-01   0.3948843  0.4806626   0.4400741   0.4807172  0.0000e+00  0.00000000  0.0000e+00  9.9377e-02  0.0000e+00  0.0000e+00  0.0000e+00  0.0000e+00   0.000000   0.000000
 20.00  4.7418e-01  3.7202e-01  3.3169e-01    0.427376  5.0602e-01  4.1885e-01   0.2768406  0.4672878   0.3961061   0.4283437  0.0000e+00  0.00000000  0.0000e+00  1.0929e-01  0.0000e+00  0.0000e+00  0.0000e+00  0.0000e+00   0.000000   0.000000
 21.00  4.1399e-01  3.0066e-01  2.8092e-01    0.382790  4.3110e-01  3.6301e-01   0.2693384  0.4526372   0.3561629   0.3827895  0.0000e+00  0.00000000  0.0000e+00  1.1309e-01  0.0000e+00  0.0000e+00  0.0000e+00  0.0000e+00   0.000000   0.000000
 22.00  3.7361e-01  2.5578e-01  2.4394e-01    0.345052  3.6870e-01  3.1998e-01   0.3578797  0.4426886   0.3219690   0.3446001  0.0000e+00  0.00000000  0.0000e+00  1.1222e-01  0.0000e+00  0.0000e+00  0.0000e+00  0.0000e+00   0.000000   0.000000
 23.00  3.3218e-01  2.1546e-01  2.1131e-01    0.315045  3.1313e-01  2.8108e-01   0.4677409  0.4306075   0.2910169   0.3106887  0.0000e+00  0.00000000  0.0000e+00  1.1038e-01  0.0000e+00  0.0000e+00  0.0000e+00  0.0000e+00   0.000000   0.000000
 24.00  2.9681e-01  1.7969e-01  1.8300e-01    0.289677  2.6440e-01  2.4631e-01   0.5209107  0.4163939   0.2633067   0.2810554  0.0000e+00  0.00000000  0.0000e+00  1.0733e-01  0.0000e+00  0.0000e+00  0.0000e+00  0.0000e+00   0.000000   0.000000
 25.00  2.6548e-01  1.3633e-01  1.5533e-01    0.268870  2.4836e-01  2.0644e-01   0.4823105  0.4064201   0.2403296   0.2598623  0.0000e+00  0.02464158  7.9383e-03  9.9517e-02  2.9641e-02  1.7213e-02  0.0000e+00  0.0000e+00   0.000000   0.000000
 26.00  2.4382e-01  1.0707e-01  1.3341e-01    0.250351  2.2569e-01  1.7637e-01   0.3077196  0.3943581   0.2193946   0.2389786  8.2807e-03  0.03415214  1.0858e-02  9.2303e-02  4.3300e-02  2.4334e-02  9.3245e-02  0.0000e+00   0.000000   0.000000
 27.00  2.2030e-01  9.1904e-02  1.1724e-01    0.232637  1.9639e-01  1.5610e-01   0.2464968  0.3802080   0.2005017   0.2184042  8.4984e-03  0.02853167  8.7599e-03  8.5885e-02  4.0976e-02  2.1362e-02  1.0402e-02  0.0000e+00   0.000000   0.000000
 28.00  1.9943e-01  7.9993e-02  1.0416e-01    0.217180  1.7232e-01  1.3945e-01   0.1865190  0.3680760   0.1845976   0.2010588  8.5114e-03  0.02441566  7.3409e-03  8.0624e-02  3.8755e-02  1.8938e-02  9.4886e-03  3.9107e-17   0.000000   0.000000
 29.00  1.8061e-01  6.9309e-02  9.2330e-02    0.202362  1.5075e-01  1.2418e-01   0.1751446  0.3560233   0.1698866   0.1850105  7.8864e-03  0.02094917  6.4265e-03  7.5610e-02  3.5657e-02  1.6967e-02  1.2951e-03  3.9107e-17   0.000000   0.000000
 30.00  1.6374e-01  5.9853e-02  8.1737e-02    0.189041  1.3169e-01  1.1030e-01   0.2180384  0.3440500   0.1563688   0.1702593  6.9275e-03  0.01813222  6.0164e-03  7.1712e-02  3.1684e-02  1.5450e-02  1.4125e-03  0.0000e+00   0.000000   0.000000
 31.00  1.4958e-01  5.2684e-02  7.3453e-02    0.176773  1.1738e-01  9.9268e-02   0.2677954  0.3351734   0.1451735   0.1579416  6.3969e-03  0.01601486  5.7007e-03  6.6800e-02  2.8504e-02  1.4133e-02  5.7519e-03  0.0000e+00   0.000000   0.000000
 32.00  1.3684e-01  4.6249e-02  6.5789e-02    0.166023  1.0473e-01  8.9001e-02   0.2836939  0.3253399   0.1347554   0.1465313  5.7809e-03  0.01419017  5.4512e-03  6.3361e-02  2.5160e-02  1.2984e-02  1.2159e-02  1.9554e-17   0.000000   0.000000
 33.00  1.2522e-01  4.0548e-02  5.8744e-02    0.156641  9.3745e-02  7.9498e-02   0.2497736  0.3145496   0.1251147   0.1360285  5.2487e-03  0.01265817  5.2679e-03  6.1232e-02  2.1652e-02  1.2004e-02  1.5084e-02  5.8661e-17   0.000000   0.000000
 34.00  1.1481e-01  3.6010e-02  5.2708e-02    0.147326  8.4882e-02  7.1302e-02   0.1827762  0.3032612   0.1165688   0.1267026  4.8142e-03  0.01146274  4.8502e-03  5.8287e-02  1.9221e-02  1.0782e-02  1.0990e-02  1.9554e-17   0.000000   0.000000
 35.00  1.0600e-01  3.1982e-02  4.7353e-02    0.138956  7.7187e-02  6.4096e-02   0.1224480  0.2927819   0.1088459   0.1182278  4.2366e-03  0.01038135  4.5503e-03  5.5346e-02  1.7053e-02  9.8357e-03  7.0361e-03  0.0000e+00   0.000000   0.000000
 36.00  9.8358e-02  2.8466e-02  4.2678e-02    0.131310  7.0659e-02  5.7881e-02   0.0950563  0.2831116   0.1019462   0.1106041  3.9362e-03  0.00941401  4.3682e-03  5.2123e-02  1.5147e-02  9.1660e-03  3.6901e-03  0.0000e+00   0.000000   0.000000
 37.00  9.1219e-02  2.5598e-02  3.8821e-02    0.124184  6.5402e-02  5.2650e-02   0.1036656  0.2730897   0.0956357   0.1037745  3.9472e-03  0.00856021  4.3438e-03  4.9050e-02  1.3595e-02  8.5855e-03  1.6804e-03  0.0000e+00   0.000000   0.000000
 38.00  8.4959e-02  2.3042e-02  3.5284e-02    0.117088  6.0579e-02  4.7816e-02   0.1306350  0.2632454   0.0897719   0.0973606  3.8416e-03  0.00777833  4.2770e-03  4.5265e-02  1.2307e-02  7.9902e-03  1.8824e-03  9.7768e-18   0.000000   0.000000
 39.00  7.9335e-02  2.0798e-02  3.2066e-02    0.111218  5.6191e-02  4.3379e-02   0.1506314  0.2535785   0.0843548   0.0913626  3.6965e-03  0.00706839  4.1678e-03  4.2660e-02  1.1282e-02  7.3802e-03  4.1338e-03  2.9330e-17   0.000000   0.000000
 40.00  7.4416e-02  1.8986e-02  2.9381e-02    0.105634  5.2816e-02  3.9687e-02   0.1450574  0.2447104   0.0797278   0.0862691  3.4713e-03  0.00647803  3.9957e-03  3.9759e-02  1.0163e-02  6.8474e-03  4.5184e-03  9.7768e-18   0.000000   0.000000
 41.00  6.9776e-02  1.7310e-02  2.6866e-02    0.100424  4.9561e-02  3.6242e-02   0.1161138  0.2357472   0.0752724   0.0814020  3.3127e-03  0.00593739  3.8440e-03  3.7150e-02  9.1511e-03  6.3720e-03  3.5635e-03  0.0000e+00   0.000000   0.000000
 42.00  6.5307e-02  1.5769e-02  2.4522e-02    0.095607  4.6425e-02  3.3043e-02   0.0801673  0.2266891   0.0709886   0.0767611  2.9450e-03  0.00544647  3.7129e-03  3.5163e-02  8.2457e-03  5.9541e-03  1.8214e-03  0.0000e+00   0.000000   0.000000
 43.00  6.1028e-02  1.4487e-02  2.2591e-02    0.090986  4.3434e-02  3.0297e-02   0.0563805  0.2178421   0.0672010   0.0726053  2.4387e-03  0.00501596  3.6423e-03  3.3392e-02  7.7926e-03  5.5590e-03  1.1810e-03  0.0000e+00   0.000000   0.000000
 44.00  5.7317e-02  1.3338e-02  2.0800e-02    0.086550  4.0718e-02  2.7787e-02   0.0533361  0.2092338   0.0636269   0.0686946  1.9007e-03  0.00460140  3.5165e-03  3.1361e-02  7.1935e-03  5.1302e-03  1.5325e-03  9.7768e-18   0.000000   0.000000
 45.00  5.3848e-02  1.2323e-02  1.9147e-02    0.082412  3.8276e-02  2.5515e-02   0.0662673  0.2008641   0.0602663   0.0650288  1.5285e-03  0.00420279  3.3354e-03  2.9333e-02  6.4483e-03  4.6676e-03  3.0851e-03  2.9330e-17   0.000000   0.000000
 46.00  5.1093e-02  1.1459e-02  1.7779e-02    0.079176  3.5907e-02  2.3608e-02   0.0815422  0.1925223   0.0571619   0.0616741  1.9842e-03  0.00380579  3.2492e-03  2.7287e-02  5.8889e-03  4.1584e-03  5.6137e-03  9.7768e-18   0.000000   0.000000
 47.00  4.8889e-02  1.0677e-02  1.6468e-02    0.076199  3.3535e-02  2.1904e-02   0.0848221  0.1842961   0.0542039   0.0584714  2.7111e-03  0.00342793  3.1461e-03  2.4806e-02  5.3974e-03  3.6711e-03  5.7406e-03  0.0000e+00   0.000000   0.000000
 48.00  4.7029e-02  9.9775e-03  1.5216e-02    0.073622  3.1159e-02  2.0403e-02   0.0738780  0.1761855   0.0513924   0.0554208  3.7394e-03  0.00306918  3.0260e-03  2.2164e-02  4.9740e-03  3.2056e-03  5.0342e-03  0.0000e+00   0.000000   0.000000
 49.00  4.5309e-02  9.3464e-03  1.4087e-02    0.071191  2.9159e-02  1.9168e-02   0.0544662  0.1682842   0.0488774   0.0526532  4.7983e-03  0.00272924  2.7835e-03  1.9718e-02  4.9193e-03  2.9701e-03  3.2309e-03  0.0000e+00   0.000000   0.000000
 50.00  4.3039e-02  8.7356e-03  1.3063e-02    0.068123  2.7305e-02  1.7902e-02   0.0378250  0.1605162   0.0464533   0.0500077  4.7566e-03  0.00245645  2.5676e-03  1.8087e-02  4.8500e-03  2.7406e-03  1.9102e-03  0.0000e+00   0.000000   0.000000
 51.00  4.0634e-02  8.1453e-03  1.2143e-02    0.065077  2.5596e-02  1.6607e-02   0.0324032  0.1528814   0.0441201   0.0474841  4.3147e-03  0.00225082  2.3782e-03  1.7383e-02  4.7661e-03  2.5168e-03  2.8911e-03  0.0000e+00   0.000000   0.000000
 52.00  3.8034e-02  7.5890e-03  1.1332e-02    0.062077  2.3913e-02  1.5396e-02   0.0367933  0.1455544   0.0420189   0.0451743  3.4501e-03  0.00215716  2.2082e-03  1.7127e-02  4.6453e-03  2.4698e-03  3.9393e-03  0.0000e+00   0.000000   0.000000
 53.00  3.5551e-02  7.0592e-03  1.0541e-02    0.059104  2.2301e-02  1.4253e-02   0.0451420  0.1383960   0.0399917   0.0429632  2.6815e-03  0.00207683  2.0655e-03  1.6723e-02  4.4396e-03  2.4439e-03  5.2600e-03  0.0000e+00   0.000000   0.000000
 54.00  3.3819e-02  6.5557e-03  9.7705e-03    0.057067  2.0761e-02  1.3180e-02   0.0492656  0.1314062   0.0380387   0.0408509  2.6833e-03  0.00200982  1.9502e-03  1.5456e-02  4.1489e-03  2.4392e-03  5.5034e-03  0.0000e+00   0.000000   0.000000
 55.00  3.2536e-02  6.1292e-03  9.0972e-03    0.055529  1.9372e-02  1.2359e-02   0.0453971  0.1247621   0.0362690   0.0389538  3.1463e-03  0.00189876  1.8568e-03  1.3879e-02  3.9272e-03  2.3905e-03  4.3554e-03  9.7768e-18   0.000000   0.000000
 56.00  3.1069e-02  5.7310e-03  8.4552e-03    0.053651  1.8070e-02  1.1597e-02   0.0353972  0.1182872   0.0345887   0.0371312  3.3042e-03  0.00179283  1.7560e-03  1.2975e-02  3.7070e-03  2.3381e-03  2.2497e-03  9.7768e-18   0.000000   0.000000
 57.00  2.9548e-02  5.3609e-03  7.8445e-03    0.051873  1.6855e-02  1.0894e-02   0.0252102  0.1119815   0.0329981   0.0353830  3.1927e-03  0.00169202  1.6477e-03  1.2518e-02  3.4883e-03  2.2818e-03  7.6749e-04  0.0000e+00   0.000000   0.000000
 58.00  2.7841e-02  5.0376e-03  7.3202e-03    0.049808  1.5833e-02  1.0285e-02   0.0196646  0.1060085   0.0315180   0.0337820  2.9969e-03  0.00160775  1.4902e-03  1.2283e-02  3.2807e-03  2.1857e-03  3.5996e-04  0.0000e+00   0.000000   0.000000
 59.00  2.6274e-02  4.7227e-03  6.8487e-03    0.047977  1.4927e-02  9.7140e-03   0.0204656  0.1002365   0.0301181   0.0322517  2.6451e-03  0.00153712  1.3615e-03  1.1956e-02  3.0501e-03  2.1082e-03  1.6665e-03  4.8884e-18   0.000000   0.000000
 60.00  2.4949e-02  4.4162e-03  6.4302e-03    0.046483  1.4137e-02  9.1802e-03   0.0244061  0.0946653   0.0287983   0.0307921  2.4412e-03  0.00148012  1.2614e-03  1.1553e-02  2.7965e-03  2.0494e-03  2.9042e-03  1.4665e-17   0.000000   0.000000
 61.00  2.3712e-02  4.1726e-03  6.0795e-03    0.045093  1.3450e-02  8.7110e-03   0.0276593  0.0894188   0.0275842   0.0294880  2.5022e-03  0.00140997  1.1694e-03  1.0886e-02  2.6286e-03  1.9512e-03  3.7807e-03  4.8884e-18   0.000000   0.000000
 62.00  2.2691e-02  3.9607e-03  5.7401e-03    0.043861  1.2802e-02  8.2841e-03   0.0272533  0.0843354   0.0264252   0.0282261  2.4687e-03  0.00131267  1.0663e-03  1.0225e-02  2.4665e-03  1.8459e-03  3.5022e-03  0.0000e+00   0.000000   0.000000
 63.00  2.1698e-02  3.7806e-03  5.4120e-03    0.042744  1.2193e-02  7.8996e-03   0.0234050  0.0794152   0.0253214   0.0270064  2.5314e-03  0.00118824  9.5197e-04  9.5377e-03  2.3103e-03  1.7334e-03  2.4445e-03  0.0000e+00   0.000000   0.000000
 64.00  2.0667e-02  3.6154e-03  5.1286e-03    0.041675  1.1643e-02  7.5555e-03   0.0183855  0.0748234   0.0242996   0.0258993  2.5744e-03  0.00107010  8.9149e-04  9.0803e-03  2.1820e-03  1.6524e-03  1.3566e-03  0.0000e+00   0.000000   0.000000
 65.00  1.9630e-02  3.4415e-03  4.8646e-03    0.040276  1.1147e-02  7.2176e-03   0.0147087  0.0703885   0.0233185   0.0248457  2.4468e-03  0.00098465  8.4081e-04  8.3928e-03  2.0610e-03  1.5930e-03  8.3914e-04  0.0000e+00   0.000000   0.000000
 66.00  1.8554e-02  3.2590e-03  4.6200e-03    0.039059  1.0706e-02  6.8859e-03   0.0137445  0.0661105   0.0223781   0.0238455  2.2448e-03  0.00093189  7.9994e-04  8.2256e-03  1.9472e-03  1.5550e-03  1.4432e-03  0.0000e+00   0.000000   0.000000
 67.00  1.7459e-02  3.0744e-03  4.3847e-03    0.037485  1.0337e-02  6.5574e-03   0.0143808  0.0621165   0.0215129   0.0229136  1.8838e-03  0.00091180  7.7656e-04  7.9813e-03  1.8026e-03  1.5457e-03  2.1792e-03  0.0000e+00   0.000000   0.000000
 68.00  1.6461e-02  2.9078e-03  4.1723e-03    0.036208  9.9581e-03  6.2565e-03   0.0152538  0.0582777   0.0206912   0.0220231  1.5344e-03  0.00088407  7.6242e-04  7.9084e-03  1.6855e-03  1.5270e-03  2.6910e-03  0.0000e+00   0.000000   0.000000
 69.00  1.5555e-02  2.7590e-03  3.9827e-03    0.035053  9.5690e-03  5.9830e-03   0.0152143  0.0545943   0.0199131   0.0211742  1.3563e-03  0.00084871  7.5755e-04  7.8639e-03  1.5957e-03  1.4990e-03  2.5343e-03  0.0000e+00   0.000000   0.000000
 70.00  1.4744e-02  2.6255e-03  3.8087e-03    0.034031  9.1655e-03  5.7471e-03   0.0142177  0.0511837   0.0192044   0.0204093  1.3292e-03  0.00081518  7.4675e-04  7.4841e-03  1.5481e-03  1.4625e-03  1.9090e-03  0.0000e+00   0.000000   0.000000
 71.00  1.4035e-02  2.4966e-03  3.6460e-03    0.033049  8.8065e-03  5.5246e-03   0.0126210  0.0479057   0.0185324   0.0196715  1.2311e-03  0.00078738  7.3131e-04  7.2257e-03  1.4806e-03  1.4276e-03  9.2268e-04  0.0000e+00   0.000000   0.000000
 72.00  1.3359e-02  2.3724e-03  3.4949e-03    0.031966  8.4919e-03  5.3153e-03   0.0114554  0.0447602   0.0178973   0.0189608  1.1708e-03  0.00076530  7.1122e-04  6.9468e-03  1.3932e-03  1.3945e-03  6.9015e-04  0.0000e+00   0.000000   0.000000
 73.00  1.2635e-02  2.2534e-03  3.3583e-03    0.030969  8.1901e-03  5.1054e-03   0.0108390  0.0418437   0.0173027   0.0183286  1.0189e-03  0.00075647  7.1097e-04  6.9064e-03  1.3170e-03  1.3902e-03  1.1309e-03  0.0000e+00   0.000000   0.000000
 74.00  1.2042e-02  2.1415e-03  3.2222e-03    0.030091  7.8857e-03  4.8960e-03   0.0103674  0.0390449   0.0167338   0.0177204  9.5074e-04  0.00074116  7.0826e-04  6.7086e-03  1.2510e-03  1.3803e-03  1.8650e-03  0.0000e+00   0.000000   0.000000
 75.00  1.1547e-02  2.0366e-03  3.0866e-03    0.029546  7.5787e-03  4.6872e-03   0.0095590  0.0363636   0.0161908   0.0171363  1.0657e-03  0.00071938  7.0308e-04  6.2757e-03  1.1951e-03  1.3647e-03  2.1091e-03  0.0000e+00   0.000000   0.000000
 76.00  1.1185e-02  1.9530e-03  2.9725e-03    0.029204  7.3018e-03  4.5284e-03   0.0088983  0.0339234   0.0156885   0.0165837  1.2986e-03  0.00070221  6.9603e-04  5.3986e-03  1.1329e-03  1.3306e-03  2.1251e-03  0.0000e+00   0.000000   0.000000
 77.00  1.0838e-02  1.8709e-03  2.8713e-03    0.028791  7.0432e-03  4.3841e-03   0.0084819  0.0315911   0.0152074   0.0160560  1.4222e-03  0.00067979  6.8574e-04  4.6258e-03  1.0732e-03  1.2941e-03  1.4757e-03  0.0000e+00   0.000000   0.000000
 78.00  1.0374e-02  1.7900e-03  2.7830e-03    0.028187  6.8029e-03  4.2545e-03   0.0087348  0.0293666   0.0147476   0.0155532  1.4384e-03  0.00065213  6.7218e-04  4.1834e-03  1.0160e-03  1.2553e-03  8.9040e-04  0.0000e+00   0.000000   0.000000
 79.00  9.8460e-03  1.7315e-03  2.7029e-03    0.027447  6.5688e-03  4.1371e-03   0.0092460  0.0273251   0.0143320   0.0151028  1.3082e-03  0.00062020  6.5344e-04  4.0356e-03  9.9868e-04  1.1980e-03  6.3116e-04  0.0000e+00   0.000000   0.000000
 80.00  9.2996e-03  1.6816e-03  2.6207e-03    0.026576  6.3473e-03  4.0183e-03   0.0093025  0.0253665   0.0139282   0.0146641  1.0816e-03  0.00058012  6.3784e-04  4.0431e-03  9.7393e-04  1.1456e-03  7.6979e-04  0.0000e+00   0.000000   0.000000
 81.00  8.8336e-03  1.6406e-03  2.5362e-03    0.025819  6.1383e-03  3.8980e-03   0.0084974  0.0234908   0.0135362   0.0142372  9.9123e-04  0.00053189  6.2539e-04  3.9058e-03  9.4172e-04  1.0982e-03  1.1289e-03  0.0000e+00   0.000000   0.000000
 82.00  8.4245e-03  1.5970e-03  2.4512e-03    0.025130  5.9382e-03  3.7952e-03   0.0069986  0.0218109   0.0131746   0.0138663  9.1128e-04  0.00049932  6.1673e-04  3.6655e-03  9.3392e-04  1.0703e-03  1.2930e-03  0.0000e+00   0.000000   0.000000
 83.00  8.0506e-03  1.5502e-03  2.3753e-03    0.024525  5.7548e-03  3.6910e-03   0.0058376  0.0202075   0.0128342   0.0135051  8.6966e-04  0.00047921  6.1395e-04  3.4295e-03  9.2414e-04  1.0435e-03  1.2820e-03  0.0000e+00   0.000000   0.000000
 84.00  7.7121e-03  1.5002e-03  2.3085e-03    0.023991  5.5880e-03  3.5855e-03   0.0058048  0.0186806   0.0125149   0.0131535  8.0646e-04  0.00047155  6.1705e-04  3.2289e-03  9.1238e-04  1.0176e-03  1.0659e-03  0.0000e+00   0.000000   0.000000
 85.00  7.3444e-03  1.4514e-03  2.2528e-03    0.023438  5.4327e-03  3.4872e-03   0.0069295  0.0172989   0.0122104   0.0128320  7.1990e-04  0.00046362  6.1423e-04  3.0113e-03  8.9994e-04  9.8610e-04  7.9644e-04  0.0000e+00   0.000000   0.000000
 86.00  7.0378e-03  1.4078e-03  2.1983e-03    0.023013  5.2915e-03  3.3958e-03   0.0083877  0.0159933   0.0119209   0.0125248  6.9374e-04  0.00045402  6.0561e-04  2.7564e-03  8.8374e-04  9.6063e-04  6.7386e-04  6.1105e-19   0.000000   0.000000
 87.00  6.7673e-03  1.3696e-03  2.1450e-03    0.022614  5.1645e-03  3.3112e-03   0.0088316  0.0147637   0.0116464   0.0122318  7.0176e-04  0.00044276  5.9120e-04  2.3485e-03  8.6377e-04  9.4118e-04  5.3624e-04  1.8332e-18   0.000000   0.000000
 88.00  6.5257e-03  1.3326e-03  2.0990e-03    0.022241  5.0364e-03  3.2289e-03   0.0079999  0.0136565   0.0114053   0.0119643  7.2850e-04  0.00042829  5.8310e-04  1.9062e-03  8.6751e-04  9.2112e-04  7.7432e-04  6.1105e-19   0.000000   0.000000
 89.00  6.3216e-03  1.2954e-03  2.0509e-03    0.021924  4.9185e-03  3.1471e-03   0.0061918  0.0125985   0.0111729   0.0117090  7.4954e-04  0.00041442  5.7258e-04  1.5998e-03  8.6122e-04  8.9739e-04  8.2305e-04  0.0000e+00   0.000000   0.000000
 90.00  6.1041e-03  1.2580e-03  2.0009e-03    0.021571  4.8107e-03  3.0658e-03   0.0048564  0.0115898   0.0109494   0.0114658  7.5416e-04  0.00040116  5.5964e-04  1.3625e-03  8.4490e-04  8.7000e-04  8.4191e-04  0.0000e+00   0.000000   0.000000
 91.00  5.9007e-03  1.2289e-03  1.9647e-03    0.021174  4.7197e-03  3.0030e-03   0.0051938  0.0107076   0.0107455   0.0112364  7.5395e-04  0.00039439  5.5470e-04  1.1013e-03  8.2890e-04  8.5611e-04  9.1811e-04  0.0000e+00   0.000000   0.000000
 92.00  5.6711e-03  1.2005e-03  1.9310e-03    0.020743  4.6275e-03  2.9386e-03   0.0070245  0.0098737   0.0105535   0.0110225  7.4461e-04  0.00038137  5.4905e-04  8.8162e-04  8.1913e-04  8.3645e-04  8.9496e-04  0.0000e+00   0.000000   0.000000
 93.00  5.4621e-03  1.1730e-03  1.8997e-03    0.020282  4.5342e-03  2.8726e-03   0.0091895  0.0090883   0.0103734   0.0108241  6.9200e-04  0.00036208  5.4271e-04  6.7261e-04  8.1561e-04  8.1102e-04  7.4628e-04  0.0000e+00   0.000000   0.000000
 94.00  5.2369e-03  1.1570e-03  1.8660e-03    0.019914  4.4466e-03  2.8189e-03   0.0103443  0.0083862   0.0102096   0.0106319  6.6122e-04  0.00034485  5.2670e-04  5.9418e-04  8.4978e-04  7.8160e-04  9.8932e-04  0.0000e+00   0.000000   0.000000
 95.00  5.0372e-03  1.1377e-03  1.8295e-03    0.019506  4.3857e-03  2.7651e-03   0.0090862  0.0077279   0.0100548   0.0104525  5.9699e-04  0.00032977  5.1198e-04  4.6528e-04  8.5824e-04  7.5555e-04  7.0648e-04  0.0000e+00   0.000000   0.000000
 96.00  4.8369e-03  1.1152e-03  1.7902e-03    0.019037  4.3515e-03  2.7112e-03   0.0067140  0.0071133   0.0099090   0.0102860  5.5192e-04  0.00031684  4.9855e-04  4.0155e-04  8.4099e-04  7.3288e-04  6.6738e-04  0.0000e+00   0.000000   0.000000
 97.00  4.6682e-03  1.0881e-03  1.7527e-03    0.018679  4.2964e-03  2.6550e-03   0.0051075  0.0065859   0.0097718   0.0101252  5.2816e-04  0.00031056  4.9382e-04  3.0685e-04  8.7095e-04  7.1102e-04  8.9358e-04  0.0000e+00   0.000000   0.000000
 98.00  4.5055e-03  1.0624e-03  1.7215e-03    0.018277  4.2475e-03  2.6013e-03   0.0055477  0.0060914   0.0096429   0.0099748  5.0827e-04  0.00030927  4.9464e-04  2.3619e-04  8.7661e-04  6.9469e-04  1.2409e-03  0.0000e+00   0.000000   0.000000
 99.00  4.3660e-03  1.0380e-03  1.6965e-03    0.017909  4.2048e-03  2.5503e-03   0.0081913  0.0056299   0.0095221   0.0098348  4.7956e-04  0.00031297  5.0102e-04  1.2896e-04  8.5799e-04  6.8391e-04  1.6916e-03  0.0000e+00   0.000000   0.000000
100.00  4.2667e-03  1.0171e-03  1.6774e-03    0.017735  4.1561e-03  2.5053e-03   0.0114465  0.0052294   0.0094078   0.0097152  5.0308e-04  0.00030541  5.0295e-04  1.0309e-04  8.3882e-04  6.7206e-04  1.8790e-03  0.0000e+00   0.000000   0.000000
101.00  4.1603e-03  9.9878e-04  1.6558e-03    0.017499  4.1203e-03  2.4647e-03   0.0130346  0.0048598   0.0093015   0.0095978  5.3115e-04  0.00029565  4.9409e-04  3.6527e-04  8.0034e-04  6.6294e-04  1.6587e-03  0.0000e+00   0.000000   0.000000
102.00  4.0495e-03  9.8312e-04  1.6316e-03    0.017266  4.0976e-03  2.4286e-03   0.0118382  0.0045210   0.0092034   0.0094825  5.2949e-04  0.00028367  4.7444e-04  5.1357e-04  7.4254e-04  6.5657e-04  1.0601e-03  0.0000e+00   0.000000   0.000000
103.00  3.9427e-03  9.6749e-04  1.6064e-03    0.017024  4.0336e-03  2.3897e-03   0.0087934  0.0042402   0.0091187   0.0093775  5.3077e-04  0.00027271  4.5510e-04  6.7244e-04  7.6497e-04  6.4121e-04  5.8604e-04  0.0000e+00   0.000000   0.000000
104.00  3.8124e-03  9.5235e-04  1.5819e-03    0.016659  3.9859e-03  2.3543e-03   0.0061183  0.0039790   0.0090338   0.0092789  4.8572e-04  0.00026390  4.4043e-04  6.6112e-04  7.6221e-04  6.2691e-04  5.5861e-04  0.0000e+00   0.000000   0.000000
105.00  3.6753e-03  9.3772e-04  1.5583e-03    0.016281  3.9547e-03  2.3224e-03   0.0060185  0.0037375   0.0089487   0.0091867  4.5776e-04  0.00025723  4.3042e-04  6.4273e-04  7.3426e-04  6.1367e-04  1.1889e-03  0.0000e+00   0.000000   0.000000
106.00  3.5645e-03  9.1972e-04  1.5376e-03    0.015939  3.9176e-03  2.2933e-03   0.0086503  0.0035448   0.0088787   0.0091060  4.1557e-04  0.00025273  4.3439e-04  6.0015e-04  7.1774e-04  6.0491e-04  1.9672e-03  0.0000e+00   0.000000   0.000000
107.00  3.4669e-03  9.0341e-04  1.5208e-03    0.015617  3.8929e-03  2.2605e-03   0.0125239  0.0033740   0.0088119   0.0090282  3.8072e-04  0.00025021  4.3865e-04  5.4432e-04  6.9656e-04  5.9131e-04  2.5334e-03  0.0000e+00   0.000000   0.000000
108.00  3.3720e-03  8.8880e-04  1.5078e-03    0.015293  3.8807e-03  2.2240e-03   0.0150849  0.0032253   0.0087484   0.0089534  3.5033e-04  0.00024966  4.4317e-04  5.1427e-04  6.7071e-04  5.7287e-04  2.5075e-03  0.0000e+00   0.000000   0.000000
109.00  3.2732e-03  8.7589e-04  1.4872e-03    0.014959  3.8695e-03  2.1866e-03   0.0147529  0.0031074   0.0086847   0.0088857  3.1673e-04  0.00025239  4.2826e-04  4.3100e-04  6.2434e-04  5.7123e-04  1.7974e-03  0.0000e+00   0.000000   0.000000
110.00  3.1737e-03  8.6281e-04  1.4701e-03    0.014614  3.8266e-03  2.1527e-03   0.0120308  0.0030086   0.0086281   0.0088213  2.8476e-04  0.00024980  4.1442e-04  3.6212e-04  6.1744e-04  5.7502e-04  8.6461e-04  0.0000e+00   0.000000   0.000000
111.00  3.0808e-03  8.4955e-04  1.4566e-03    0.014322  3.7519e-03  2.1225e-03   0.0089185  0.0029287   0.0085783   0.0087601  2.5326e-04  0.00024190  4.0166e-04  2.3829e-04  6.5002e-04  5.8426e-04  1.2298e-04  0.0000e+00   0.000000   0.000000
112.00  2.9969e-03  8.3810e-04  1.4472e-03    0.014026  3.7143e-03  2.0937e-03   0.0079742  0.0028783   0.0085327   0.0087056  2.3790e-04  0.00023236  3.9696e-04  2.3072e-04  6.1378e-04  5.8557e-04  2.4944e-04  0.0000e+00   0.000000   0.000000
113.00  2.9256e-03  8.2768e-04  1.4374e-03    0.013768  3.6689e-03  2.0681e-03   0.0096567  0.0028425   0.0084889   0.0086525  2.1207e-04  0.00022573  3.9774e-04  2.0752e-04  5.9537e-04  5.8389e-04  7.3883e-04  0.0000e+00   0.000000   0.000000
114.00  2.8635e-03  8.1832e-04  1.4272e-03    0.013546  3.6156e-03  2.0457e-03   0.0127686  0.0028215   0.0084471   0.0086010  1.8644e-04  0.00022200  4.0399e-04  2.0294e-04  5.9480e-04  5.7921e-04  1.3144e-03  0.0000e+00   0.000000   0.000000
115.00  2.7935e-03  8.0868e-04  1.4109e-03    0.013324  3.5880e-03  2.0237e-03   0.0150367  0.0028274   0.0084117   0.0085622  1.7012e-04  0.00022433  4.1090e-04  2.3122e-04  5.7189e-04  5.6992e-04  1.5469e-03  0.0000e+00   0.000000   0.000000
116.00  2.7312e-03  7.9543e-04  1.3913e-03    0.013115  3.5558e-03  2.0066e-03   0.0150087  0.0028452   0.0083828   0.0085273  1.5062e-04  0.00023218  4.1398e-04  2.2674e-04  5.5609e-04  5.6502e-04  1.4034e-03  1.5276e-19   0.000000   0.000000
117.00  2.6656e-03  7.7856e-04  1.3687e-03    0.012886  3.5190e-03  1.9944e-03   0.0129231  0.0028750   0.0083606   0.0084964  1.3713e-04  0.00024556  4.1324e-04  1.9151e-04  5.4740e-04  5.6451e-04  9.5616e-04  4.5829e-19   0.000000   0.000000
118.00  2.6110e-03  7.6066e-04  1.3517e-03    0.012660  3.4871e-03  1.9834e-03   0.0107848  0.0029226   0.0083406   0.0084668  1.2109e-04  0.00025576  4.1321e-04  1.1961e-04  5.4479e-04  5.6098e-04  5.9685e-04  1.5276e-19   0.000000   0.000000
119.00  2.5617e-03  7.4938e-04  1.3422e-03    0.012429  3.4707e-03  1.9740e-03   0.0102172  0.0029799   0.0083220   0.0084379  1.0544e-04  0.00026049  4.1555e-04  8.4368e-05  5.3241e-04  5.6153e-04  2.5552e-05  1.5276e-19   0.000000   0.000000
120.00  2.5193e-03  7.4472e-04  1.3401e-03    0.012248  3.4699e-03  1.9659e-03   0.0122470  0.0030469   0.0083048   0.0084095  1.0164e-04  0.00025977  4.2027e-04  7.2129e-05  5.1025e-04  5.6615e-04  2.0258e-04  4.5829e-19   0.000000   0.000000
121.00  2.4862e-03  7.5546e-04  1.3441e-03    0.012102  3.4445e-03  1.9545e-03   0.0151511  0.0031346   0.0082850   0.0083859  9.6361e-05  0.00024393  4.2026e-04  1.1918e-04  5.4110e-04  5.5959e-04  6.8813e-04  4.5829e-19   0.000000   0.000000
122.00  2.4438e-03  7.6160e-04  1.3434e-03    0.011974  3.4212e-03  1.9430e-03   0.0169129  0.0032283   0.0082707   0.0083665  1.0439e-04  0.00022844  4.1629e-04  1.5254e-04  5.6237e-04  5.5262e-04  1.0145e-03  3.0553e-19   0.000000   0.000000
123.00  2.4126e-03  7.6315e-04  1.3380e-03    0.011841  3.3998e-03  1.9312e-03   0.0159010  0.0033278   0.0082621   0.0083514  9.9903e-05  0.00021330  4.0837e-04  1.7342e-04  5.7407e-04  5.4523e-04  1.1457e-03  0.0000e+00   0.000000   0.000000
124.00  2.3793e-03  7.6284e-04  1.3269e-03    0.011702  3.3960e-03  1.9291e-03   0.0125932  0.0034405   0.0082608   0.0083311  9.2292e-05  0.00022123  3.9801e-04  1.5420e-04  5.7082e-04  5.3717e-04  8.5728e-04  0.0000e+00   0.000000   0.000000
125.00  2.3457e-03  7.5901e-04  1.3176e-03    0.011540  3.3994e-03  1.9253e-03   0.0089936  0.0035595   0.0082594   0.0083161  8.3589e-05  0.00022759  3.8993e-04  1.5073e-04  5.6063e-04  5.3039e-04  4.9183e-04  0.0000e+00   0.000000   0.000000
126.00  2.3120e-03  7.5164e-04  1.3103e-03    0.011427  3.4099e-03  1.9200e-03   0.0077344  0.0036848   0.0082579   0.0083066  7.4891e-05  0.00023240  3.8414e-04  8.8119e-05  5.4352e-04  5.2489e-04  1.9856e-05  0.0000e+00   0.000000   0.000000
127.00  2.2875e-03  7.5102e-04  1.3113e-03    0.011299  3.3959e-03  1.9196e-03   0.0096254  0.0038180   0.0082571   0.0082914  6.7500e-05  0.00023483  3.8686e-04  7.9485e-05  5.4378e-04  5.2525e-04  2.7397e-04  0.0000e+00   0.000000   0.000000
128.00  2.2651e-03  7.5105e-04  1.3153e-03    0.011238  3.3821e-03  1.9211e-03   0.0131286  0.0039560   0.0082588   0.0082767  6.5116e-05  0.00023549  3.9494e-04  9.8864e-06  5.4549e-04  5.2272e-04  1.2618e-04  0.0000e+00   0.000000   0.000000
129.00  2.2509e-03  7.5172e-04  1.3223e-03    0.011164  3.3685e-03  1.9244e-03   0.0160547  0.0040987   0.0082630   0.0082625  6.6642e-05  0.00023439  4.0838e-04  3.2276e-05  5.4865e-04  5.1729e-04  5.9144e-04  0.0000e+00   0.000000   0.000000
130.00  2.2363e-03  7.5891e-04  1.3202e-03    0.011121  3.3755e-03  1.9219e-03   0.0160684  0.0042543   0.0082725   0.0082501  7.6870e-05  0.00023430  4.0917e-04  7.5529e-05  5.3661e-04  4.9731e-04  1.0573e-03  0.0000e+00   0.000000   0.000000
131.00  2.2173e-03  7.6299e-04  1.3150e-03    0.011049  3.3703e-03  1.9231e-03   0.0131718  0.0044074   0.0082782   0.0082402  7.6622e-05  0.00023402  4.0741e-04  1.3343e-04  5.3816e-04  4.8909e-04  1.0767e-03  0.0000e+00   0.000000   0.000000
132.00  2.1944e-03  7.6395e-04  1.3068e-03    0.010975  3.3529e-03  1.9279e-03   0.0091388  0.0045580   0.0082800   0.0082328  6.0971e-05  0.00023354  4.0310e-04  2.9941e-04  5.5329e-04  4.9264e-04  9.4566e-04  0.0000e+00   0.000000   0.000000
133.00  2.1533e-03  7.6629e-04  1.3075e-03    0.010833  3.3450e-03  1.9313e-03   0.0066249  0.0047112   0.0082787   0.0082196  2.9091e-05  0.00023960  4.0132e-04  5.0316e-04  5.4700e-04  4.8821e-04  5.6409e-04  0.0000e+00   0.000000   0.000000
134.00  2.1093e-03  7.7012e-04  1.3128e-03    0.010686  3.3470e-03  1.9372e-03   0.0072168  0.0048690   0.0082736   0.0082076  8.6248e-06  0.00024445  4.0227e-04  8.1345e-04  5.3604e-04  4.8188e-04  4.0121e-05  0.0000e+00   0.000000   0.000000
135.00  2.0724e-03  7.7542e-04  1.3225e-03    0.010577  3.3589e-03  1.9455e-03   0.0098248  0.0050313   0.0082647   0.0081967  4.2216e-05  0.00024807  4.0595e-04  1.0897e-03  5.2042e-04  4.7365e-04  4.2278e-04  0.0000e+00   0.000000   0.000000
136.00  2.0473e-03  7.8400e-04  1.3357e-03    0.010530  3.3503e-03  1.9471e-03   0.0118891  0.0051846   0.0082515   0.0081812  7.6491e-05  0.00025470  4.0990e-04  1.3155e-03  5.4760e-04  4.6763e-04  2.2166e-04  0.0000e+00   0.000000   0.000000
137.00  2.0387e-03  7.9087e-04  1.3423e-03    0.010517  3.3496e-03  1.9490e-03   0.0116976  0.0053287   0.0082338   0.0081593  6.8881e-05  0.00025992  4.0579e-04  1.3675e-03  5.6213e-04  4.6762e-04  2.7390e-05  0.0000e+00   0.000000   0.000000
138.00  2.0390e-03  7.9603e-04  1.3423e-03    0.010593  3.3568e-03  1.9512e-03   0.0090011  0.0054638   0.0082114   0.0081312  5.0105e-05  0.00026371  3.9363e-04  1.4091e-03  5.6402e-04  4.7361e-04  1.2334e-04  0.0000e+00   0.000000   0.000000
139.00  2.0392e-03  8.0131e-04  1.3435e-03    0.010638  3.3342e-03  1.9451e-03   0.0055372  0.0055974   0.0081787   0.0080932  2.4061e-05  0.00027159  3.8785e-04  1.4750e-03  6.1955e-04  4.5939e-04  1.7981e-04  0.0000e+00   0.000000   0.000000
140.00  2.0423e-03  8.0604e-04  1.3483e-03    0.010635  3.3335e-03  1.9412e-03   0.0038808  0.0057281   0.0081479   0.0080526  4.6833e-08  0.00027685  3.8941e-04  1.5480e-03  6.4965e-04  4.4456e-04  3.2981e-05  0.0000e+00   0.000000   0.000000
141.00  2.0413e-03  8.1021e-04  1.3568e-03    0.010591  3.3546e-03  1.9395e-03   0.0051454  0.0058559   0.0081189   0.0080092  5.9783e-06  0.00027951  3.9830e-04  1.6254e-03  6.5433e-04  4.2911e-04  2.6650e-04  0.0000e+00   0.000000   0.000000
142.00  2.0554e-03  8.2510e-04  1.3723e-03    0.010594  3.3794e-03  1.9587e-03   0.0084462  0.0060054   0.0081224   0.0080047  2.7169e-05  0.00028668  4.0866e-04  1.6787e-03  6.9270e-04  4.2901e-04  4.4801e-04  0.0000e+00   0.000000   0.000000
143.00  2.0704e-03  8.3911e-04  1.3886e-03    0.010656  3.4067e-03  1.9741e-03   0.0112387  0.0061485   0.0081191   0.0079943  4.4857e-05  0.00029055  4.1747e-04  1.7572e-03  7.2362e-04  4.2942e-04  5.0377e-04  0.0000e+00   0.000000   0.000000
144.00  2.0830e-03  8.5224e-04  1.4058e-03    0.010659  3.4366e-03  1.9857e-03   0.0117183  0.0062850   0.0081087   0.0079780  6.3956e-05  0.00029112  4.2472e-04  1.7544e-03  7.4706e-04  4.3032e-04  5.8669e-04  0.0000e+00   0.000000   0.000000
145.00  2.0971e-03  8.6827e-04  1.4221e-03    0.010678  3.4427e-03  1.9996e-03   0.0095543  0.0064151   0.0080977   0.0079660  8.3886e-05  0.00029781  4.2994e-04  1.8243e-03  7.8395e-04  4.3517e-04  4.0509e-04  0.0000e+00   0.000000   0.000000
146.00  2.1099e-03  8.8531e-04  1.4386e-03    0.010672  3.4568e-03  2.0151e-03   0.0069000  0.0065514   0.0081007   0.0079659  9.9543e-05  0.00030727  4.3945e-04  1.9047e-03  8.0827e-04  4.3914e-04  2.5162e-04  0.0000e+00   0.000000   0.000000
147.00  2.1267e-03  9.0336e-04  1.4554e-03    0.010655  3.4788e-03  2.0324e-03   0.0063736  0.0066937   0.0081178   0.0079777  1.1566e-04  0.00031951  4.5324e-04  1.9983e-03  8.2001e-04  4.4221e-04  3.5291e-05  0.0000e+00   0.000000   0.000000
148.00  2.1484e-03  9.2745e-04  1.4869e-03    0.010649  3.5045e-03  2.0536e-03   0.0090432  0.0068223   0.0081217   0.0079757  1.2967e-04  0.00033583  4.8652e-04  2.0959e-03  8.1689e-04  4.4023e-04  3.6161e-04  0.0000e+00   0.000000   0.000000
149.00  2.1706e-03  9.5616e-04  1.5224e-03    0.010626  3.5403e-03  2.0852e-03   0.0136324  0.0069580   0.0081414   0.0079854  1.4406e-04  0.00035367  5.1603e-04  2.1439e-03  8.1756e-04  4.4577e-04  8.2045e-04  0.0000e+00   0.000000   0.000000
150.00  2.2059e-03  9.8947e-04  1.5619e-03    0.010643  3.5860e-03  2.1272e-03   0.0171020  0.0071008   0.0081771   0.0080069  1.5464e-04  0.00037303  5.4176e-04  2.1777e-03  8.2202e-04  4.5881e-04  1.3470e-03  0.0000e+00   0.000000   0.000000
151.00  2.2338e-03  1.0295e-03  1.6084e-03    0.010650  3.6680e-03  2.1690e-03   0.0168889  0.0072470   0.0082392   0.0080567  1.6541e-04  0.00039584  5.6658e-04  2.2342e-03  8.0336e-04  4.7261e-04  1.6245e-03  0.0000e+00   0.000000   0.000000
152.00  2.2676e-03  1.0749e-03  1.6632e-03    0.010664  3.7763e-03  2.2107e-03   0.0127986  0.0073878   0.0083014   0.0081067  1.7853e-04  0.00042264  5.9945e-04  2.3220e-03  7.5541e-04  4.8424e-04  1.6159e-03  0.0000e+00   0.000000   0.000000
153.00  2.3055e-03  1.1256e-03  1.7265e-03    0.010654  3.9109e-03  2.2524e-03   0.0074142  0.0075232   0.0083636   0.0081570  1.8836e-04  0.00045342  6.4039e-04  2.4055e-03  6.7816e-04  4.9370e-04  1.2812e-03  0.0000e+00   0.000000   0.000000
154.00  2.3468e-03  1.1880e-03  1.7949e-03    0.010637  4.0822e-03  2.2989e-03   0.0041952  0.0076665   0.0084567   0.0082214  2.0879e-04  0.00048203  6.7761e-04  2.4743e-03  5.7058e-04  4.9571e-04  7.9047e-04  0.0000e+00   0.000000   0.000000
155.00  2.4042e-03  1.2617e-03  1.8795e-03    0.010648  4.2809e-03  2.3551e-03   0.0053000  0.0078173   0.0085569   0.0082900  2.3246e-04  0.00051270  7.2226e-04  2.5349e-03  4.5098e-04  4.9413e-04  4.0168e-04  0.0000e+00   0.000000   0.000000
156.00  2.4765e-03  1.3467e-03  1.9801e-03    0.010707  4.5071e-03  2.4210e-03   0.0097477  0.0079755   0.0086642   0.0083631  2.6062e-04  0.00054543  7.7434e-04  2.6043e-03  3.1936e-04  4.8897e-04  2.3718e-04  0.0000e+00   0.000000   0.000000
157.00  2.5610e-03  1.4578e-03  2.0956e-03    0.010772  4.7665e-03  2.4937e-03   0.0142664  0.0081110   0.0087840   0.0084444  2.7971e-04  0.00059447  8.3047e-04  2.7011e-03  1.5634e-04  4.8106e-04  2.1004e-04  0.0000e+00   0.000000   0.000000
158.00  2.6588e-03  1.5890e-03  2.2278e-03    0.010800  5.0562e-03  2.5795e-03   0.0155151  0.0082468   0.0089101   0.0085301  2.9760e-04  0.00065389  8.9360e-04  2.7195e-03  1.2356e-04  4.7701e-04  3.8634e-04  0.0000e+00   0.000000   0.000000
159.00  2.7569e-03  1.7402e-03  2.3769e-03    0.010898  5.3761e-03  2.6784e-03   0.0126664  0.0083828   0.0090424   0.0086203  3.3588e-04  0.00072371  9.6374e-04  2.8233e-03  2.2103e-04  4.7684e-04  6.2230e-04  0.0000e+00   0.000000   0.000000
160.00  2.8698e-03  1.9373e-03  2.5951e-03    0.010989  5.7478e-03  2.8189e-03   0.0080975  0.0084927   0.0092035   0.0087352  3.6937e-04  0.00081724  1.0925e-03  2.9174e-03  4.5568e-04  5.0316e-04  8.7469e-04  0.0000e+00   0.000000   0.000000
161.00  3.0036e-03  2.1592e-03  2.8525e-03    0.011130  6.1690e-03  2.9872e-03   0.0057605  0.0086108   0.0093877   0.0088628  4.0557e-04  0.00091607  1.2387e-03  3.0381e-03  7.1548e-04  5.3749e-04  1.0391e-03  0.0000e+00   0.000000   0.000000
162.00  3.1636e-03  2.4058e-03  3.1490e-03    0.011315  6.6395e-03  3.1834e-03   0.0083262  0.0087369   0.0095950   0.0090029  4.5509e-04  0.00102020  1.4023e-03  3.1847e-03  1.0004e-03  5.7982e-04  1.0320e-03  0.0000e+00   0.000000   0.000000
163.00  3.3423e-03  2.7378e-03  3.5542e-03    0.011538  7.1733e-03  3.4484e-03   0.0147572  0.0088399   0.0097865   0.0091472  4.9985e-04  0.00118002  1.6319e-03  3.3960e-03  1.3199e-03  6.6901e-04  9.8085e-04  0.0000e+00   0.000000   0.000000
164.00  3.5438e-03  3.1457e-03  4.0107e-03    0.011800  7.6549e-03  3.7370e-03   0.0214176  0.0089260   0.0099916   0.0093088  5.5352e-04  0.00138342  1.8594e-03  3.6291e-03  1.5231e-03  7.5382e-04  5.8348e-04  0.0000e+00   0.000000   0.000000
165.00  3.7849e-03  3.6296e-03  4.5186e-03    0.012072  8.0841e-03  4.0492e-03   0.0237411  0.0089951   0.0102104   0.0094880  6.1818e-04  0.00163039  2.0848e-03  3.8454e-03  1.6101e-03  8.3424e-04  1.5383e-04  0.0000e+00   0.000000   0.000000
166.00  4.0669e-03  4.3860e-03  5.2500e-03    0.012376  8.4116e-03  4.5629e-03   0.0197878  0.0090208   0.0104633   0.0097087  6.8417e-04  0.00204431  2.4042e-03  4.0647e-03  1.4340e-03  1.0696e-03  3.1827e-04  0.0000e+00   0.000000   0.000000
167.00  4.4143e-03  5.2776e-03  6.1301e-03    0.012902  8.8187e-03  5.1970e-03   0.0128674  0.0090156   0.0107474   0.0099649  7.5171e-04  0.00249052  2.7590e-03  4.5839e-03  1.2902e-03  1.3673e-03  1.8178e-04  0.0000e+00   0.000000   0.000000
168.00  4.8691e-03  6.3045e-03  7.1588e-03    0.013485  9.3055e-03  5.9515e-03   0.0081878  0.0089796   0.0110627   0.0102565  8.4997e-04  0.00296903  3.1494e-03  5.0384e-03  1.1789e-03  1.7272e-03  1.6489e-04  0.0000e+00   0.000000   0.000000
169.00  5.4017e-03  7.6265e-03  8.7600e-03    0.014371  1.0168e-02  7.1183e-03   0.0105758  0.0089482   0.0115736   0.0107095  9.5961e-04  0.00354341  3.7989e-03  5.8524e-03  1.3095e-03  2.2720e-03  2.9445e-04  0.0000e+00   0.000000   0.000000
170.00  6.1292e-03  9.2655e-03  1.0871e-02    0.015578  1.0958e-02  8.6960e-03   0.0209357  0.0089716   0.0124429   0.0114449  1.0250e-03  0.00446982  4.9884e-03  6.7930e-03  1.2142e-03  3.2367e-03  2.7396e-04  0.0000e+00   0.000000   0.000000
171.00  7.0656e-03  1.1221e-02  1.3493e-02    0.017440  1.1676e-02  1.0685e-02   0.0354348  0.0090498   0.0136708   0.0124626  8.0240e-04  0.00574826  6.7179e-03  8.5316e-03  8.9317e-04  4.6213e-03  8.8743e-04  0.0000e+00   0.000000   0.000000
172.00  8.3417e-03  2.0403e-02  2.3904e-02    0.028290  1.5035e-02  1.8616e-02   0.0503016  0.0090914   0.0161917   0.0145711  0.0000e+00  0.00191609  2.2393e-03  0.0000e+00  2.9772e-04  1.5404e-03  0.0000e+00  0.0000e+00   0.000000   0.000000
173.00  1.1763e-02  3.2953e-02  3.7480e-02    0.039365  2.0927e-02  2.8076e-02   0.0604153  0.0093967   0.0205779   0.0182610  0.0000e+00  0.00000000  0.0000e+00  0.0000e+00  0.0000e+00  0.0000e+00  0.0000e+00  0.0000e+00   0.000000   0.000000
174.00  1.7693e-02  4.8871e-02  5.4221e-02    0.061942  2.9353e-02  3.9065e-02   0.0680856  0.0099658   0.0268294   0.0235323  0.0000e+00  0.00000000  0.0000e+00  0.0000e+00  0.0000e+00  0.0000e+00  0.0000e+00  0.0000e+00   0.000000   0.000000
175.00  2.9719e-02          NA          NA    0.120237          NA          NA   0.0806888         NA          NA          NA  0.0000e+00          NA          NA  0.0000e+00          NA          NA  0.0000e+00          NA         NA         NA
